0	0		0
1	20		0
2	38.425343	0
3	63.647804	0
4	95.636963	0
5	134.483307	0
6	180.584351	0
7	234.779053	0
8	298.495789	0
9	373.971924	0
10	464.618134	0
11	575.651001	0
12	713.218079	0
13	883.660522	0
14	1094.834717	0
15	1356.474609	0
16	1680.640259	0
17	2082.273926	0
18	2579.888672	0
19	3196.421631	0
20	3960.291504	0
21	4906.708496	0
22	6018.019531	0
23	7306.631348	0
24	8765.053711	0.000076
25	10376.12695	0.000461
26	12077.44629	0.001815
27	13775.3252	0.005081
28	15379.80566	0.011143
29	16819.47461	0.020678
30	18045.18359	0.034121
31	19027.69531	0.05169
32	19755.10938	0.073534
33	20222.20508	0.099675
34	20429.86328	0.130023
35	20384.48047	0.164384
36	20097.40234	0.202476
37	19584.33008	0.243933
38	18864.75	0.288323
39	17961.35742	0.335155
40	16899.46875	0.383892
41	15706.44727	0.433963
42	14411.12402	0.484772
43	13043.21875	0.53571
44	11632.75879	0.586168
45	10209.50098	0.635547
46	8802.356445	0.683269
47	7438.803223	0.728786
48	6144.314941	0.771597
49	4941.77832	0.811253
50	3850.91333	0.847375
51	2887.696533	0.879657
52	2063.779785	0.907884
53	1385.912598	0.93194
54	855.361755	0.951822
55	467.333588	0.967645
56	210.39389	0.979663
57	65.889244	0.98827
58	7.367743	0.994019
59	0		0.99763
60	0		1
